1	2.2031780000000021E+04
10	1.3271244004193938E+11
1000012	662.2e-9
199	2.2031780000000021E+04
2	3.2485859200000006E+05
20000001	62.6284
20000002	13.63
20000004	17.2882844
2000001	6.3130000000000003E+01
20000010	7.
20000016	1.601
2000002	1.3730000000000000E+01
20000021	0.1134
20000022	0.491
2000003	1.8200000000000001E+00
2000004	1.7289999999999999E+01
2000006	9.3000000000000005E-01
2000007	8.5999999999999999E-01
2000010	5.7800000000000002E+00
20000107	0.7475
2000015	2.1000000000000001E+00
2000016	1.8100000000000001E+00
20000243	0.00275
20000253	0.00689
2000029	8.5999999999999999E-01
20000433	4.463e-04
2000052	1.5900000000000001E+00
2000065	9.1000000000000003E-01
20000704	5.
2000087	9.8999999999999999E-01
2000088	1.0200000000000000E+00
2000433	4.463E-4
2000511	2.2599999999999998E+00
2000704	2.1899999999999999E+00
20025143	2.1e-9
20101955	4.8904e-9
20162173	3.00e-8
20185851	3.224e-8
299	3.2485859200000006E+05
3	4.0350323550225981E+05
301	4.9028000661637961E+03
399	3.9860043543609598E+05
4	4.2828375214000022E+04
401	7.087546066894452E-04
402	119.9192772100721
499	4.282837362069909E+04
5	1.2671276480000021E+08
501	5.959916033410404E+03
502	3.202738774922892E+03
503	9.887834453334144E+03
504	7.179289361397270E+03
505	1.378480571202615E-01
506	5.067461470071345
507	3.800596102553509
508	11.40178830766053
509	3.800596102553508
510	3.800596102553508
511	6.334326837589181
512	2.533730735035672
513	2.533730735035672
514	10.13492294014269
515	8.868057572624853
516	6.334326837589181
599	1.266865349218008E+08
6	3.7940585200000003E+07
601	2.465530579037799
602	7.211292085479989E+00
603	4.121117207701302E+01
604	7.311635322923193E+01
605	1.539422045545342E+02
606	8.978138845307376E+03
607	1.896561983875230
608	1.205134781724041E+02
609	5.531110414633374E-01
610	1.266231296945636E-01
611	3.513977490568457E-02
612	11.37937190325138
613	3.793123967750460
614	2.655186777425322
615	11.37937190325138
616	1.066368426666134E-02
617	22.75874380650276
618	28.44842975812845
699	3.793120749865224E+07
7	5.7945486000000080E+06
701	8.346344431770477E+01
702	78.21817937304257
703	2.269437003741248E+02
704	2.053234302535623E+02
705	4.319516899232100E+00
706	11.58787842563594
707	17.38181763845391
708	4.635151370254375
709	17.38181763845391
710	11.58787842563594
711	2.896969606408984
712	6.952727055381562
713	10.42909058307234
714	17.38181763845391
715	3.476363527690781
799	5.793951322279009E+06
8	6.8365271005800236E+06
801	1.427598140725034E+03
802	2.050529761076207
803	10.2526488053810
804	2.734039681434943
805	13.67019840717471
806	20.50529761076207
807	4.101059522152414
808	4.101059522152414
899	6.835099502439672E+06
9	9.7700000000000068E+02
901	1.058799888601881E+02
902	3.048175648169760E-03
903	3.211039206155255E-03
904	1.110040850536676E-03
999	8.696138177608748E+02
