10	181791441.0	983586429.0	-15862871.7	-11.247433	7.54873918	0.26870813
199	-56756892400.0	-27362120500.0	2891439180.0	11651.7117	-41478.2712	-4459.6276100000005
2000001	-318011235000.0	203620225000.0	65025013300.0	-10049.0751	-16431.1465	1333.34391
2000004	-140739056000.0	-287794019000.0	25766524600.0	18988.5751	-9083.841250000001	-2039.22481
2000433	172133209000.0	-201945882000.0	5266003200.0	14257.0649	13127.268300000002	3669.1232099999997
2000511	419613742000.0	-244968573000.0	-92946939700.0	4781.59572	15041.6461	-2602.99197
299	42845612200.0	100073999000.0	-1118564860.0	-32293.298	13695.317	2050.9152400000003
301	-143842359000.0	-40403599500.0	14054486.7	8608.20833	-28942.5909	-49.3064422
399	-143778018000.0	-40008764800.0	-13872507.600000001	7651.9051	-28751.263000000003	2.08365652
401	-114739293000.0	-196288170000.0	-1331632070.0	20403.0628	-8690.630009999999	23.7325114
402	-114732192000.0	-196313255000.0	-1336708500.0	22819.162	-9265.93877	-1126.33673
499	-114744935000.0	-196295080000.0	-1329114000.0	21836.9598	-10113.0524	-747.956241
501	-566484294000.0	-577584810000.0	15078113500.0	12781.7075	8340.1811	487.423691
502	-567121973000.0	-578126978000.0	15044279000.0	22174.4712	-13001.827000000001	-111.88969
503	-566475681000.0	-578477122000.0	15043981900.0	19172.8137	-4227.2144	126.24042599999999
504	-565774484000.0	-578997235000.0	15043040400.0	15731.1574	-3562.7346000000002	75.09034000000001
505	-566750517000.0	-577599886000.0	15073718100.0	24501.7872	13134.937100000001	657.7883850000001
506	-560464074000.0	-585578462000.0	9100110020.0	11320.186599999999	-6192.2697	-99.18617959999999
507	-571589256000.0	-564840760000.0	17611357900.0	7013.00717	-9694.074519999998	1091.89968
508	-558565304000.0	-603890282000.0	28923844800.0	7597.15086	-8191.9419100000005	-590.2171870000001
509	-591753268000.0	-582695775000.0	15626950700.0	8039.255280000001	-6816.37122	-903.013875
510	-563985044000.0	-589138964000.0	9808366120.0	11943.6304	-7919.32971	469.899764
511	-588275259000.0	-589252348000.0	13643235400.0	8546.60093	-6447.4005099999995	390.113342
512	-587465699000.0	-568232333000.0	2141849970.0000002	9541.723810000001	-6673.26685	-38.8636796
513	-568917424000.0	-587774486000.0	20121961300.0	12210.5325	-9274.72763	629.582466
514	-566696818000.0	-577410588000.0	15082186300.0	-57.3343085	13879.6062	945.215837
515	-566783620000.0	-577554916000.0	15075056300.0	23585.8093	19373.923300000002	1043.28769
516	-566795708000.0	-577572129000.0	15074268500.0	28029.353499999997	16777.9117	1013.31336
599	-566898244000.0	-577495658000.0	15075495600.0	9167.94553	-8532.4302	-169.767366
601	81988565100.0	-1502564890000.0	22946836800.0	22248.6731	-4543.090099999999	704.630137
602	81919600600.0	-1502232150000.0	22774812800.0	-1370.08105	-5283.16938	3673.1801800000003
603	82202034600.0	-1502641380000.0	22965125900.0	18820.7319	5158.5378	-3966.40559
604	81988323800.0	-1502739100000.0	23033887800.0	18963.9496	-1414.50738	-320.268844
605	82427631500.0	-1502752730000.0	22999147300.0	15020.5684	5670.89353	-3598.8708699999997
606	81301730200.0	-1503250910000.0	23363178700.0	13555.9591	-2571.0411999999997	767.935262
607	80686396100.0	-1503186430000.0	23375629800.0	11781.0569	-2846.25304	1044.82421
608	80382476800.0	-1505454860000.0	23897822000.0	11924.8408	-1035.4694900000002	-585.193094
609	70599802200.0	-1495965160000.0	24264753700.0	9703.996480000002	2060.82633	-437.12988
610	81977000500.0	-1502291810000.0	22800759000.0	-4562.114689999999	-5831.6865099999995	4221.7525
611	81941284000.0	-1502317080000.0	22818001000.0	-1735.24693	-9381.50109	5776.362
612	82398105200.0	-1502562540000.0	22900171100.0	13150.3001	8389.69203	-4915.21939
613	82344695300.0	-1502417440000.0	22824727200.0	8708.98077	10511.054100000001	-5706.0867499999995
614	81895928200.0	-1502625270000.0	22987780000.0	18709.892	-5110.87537	1921.63057
615	82187690800.0	-1502433610000.0	22854454200.0	11271.679900000001	15040.591600000002	-8200.83852
616	82165050300.0	-1502488850000.0	22885581400.0	18683.6952	11996.9046	-7327.49023
617	82192486600.0	-1502412900000.0	22843258500.0	8411.3244	15084.5555	-7940.86636
618	82148416800.0	-1502497650000.0	22891806100.0	20696.2949	10891.582100000001	-6940.69849
699	82051851400.0	-1502412370000.0	22856478900.0	9113.12193	496.37608500000005	-371.642536
701	2625019090000.0	1402717890000.0	-28984402000.0	-8520.43808	6980.02868	1058.4750099999999
702	2624814800000.0	1402799500000.0	-28716589600.0	-1704.57312	5959.12379	4472.0871400000005
703	2624775240000.0	1402750850000.0	-29129818800.0	-5923.54588	6596.80965	2377.4414300000003
704	2625410290000.0	1402724690000.0	-28332866000.0	-836.6137769999999	4898.338360000001	-1789.66489
705	2625165080000.0	1402730840000.0	-28724039700.0	450.050032	4408.74411	-5339.54359
706	2625077080000.0	1402737540000.0	-28752180900.0	6511.46655	3004.41142	-3706.3068000000003
707	2625051200000.0	1402729440000.0	-28850956900.0	-13391.5331	8082.89875	1313.78876
708	2625080610000.0	1402722880000.0	-28851948800.0	-12214.8561	7108.9749	-3925.16175
709	2625011810000.0	1402750530000.0	-28761178300.0	2719.02797	5443.15629	7691.589150000001
710	2625024430000.0	1402735330000.0	-28850835200.0	-11055.7181	8110.98986	5156.95782
711	2625053370000.0	1402727400000.0	-28862083400.0	-12499.4844	7784.74004	575.8354730000001
712	2624999750000.0	1402744020000.0	-28827032900.0	-7023.9766	7673.22627	8409.15534
713	2625044840000.0	1402728600000.0	-28866614000.0	-11979.7674	7806.85882	1622.19412
714	2625130560000.0	1402717470000.0	-28811662200.0	-5036.39702	4887.8253	-8496.28124
715	2625072060000.0	1402743360000.0	-28713829600.0	4661.95729	3815.79257	-1013.2190700000001
799	2625058610000.0	1402735060000.0	-28798360200.0	-3259.37743	5688.77758	63.26113360000001
801	4302696960000.0	-1242325550000.0	-73433252400.0	1819.0857	8601.26902	2675.7117
802	4307441740000.0	-1239481570000.0	-73146154400.0	1796.8546299999998	6374.67026	-48.135714
803	4302962330000.0	-1242253450000.0	-73574720800.0	6219.975619999999	-4581.50433	-4900.26045
804	4303041580000.0	-1242249200000.0	-73609168800.0	7356.50577	15294.6542	990.395174
805	4303030890000.0	-1242265240000.0	-73610567700.0	10115.430999999999	12652.2574	-1042.18418
806	4303025230000.0	-1242172260000.0	-73575112000.0	-7521.58937	8019.3619100000005	4535.01875
807	4302978450000.0	-1242296820000.0	-73600292400.0	9924.94279	3189.78521	-4311.00071
808	4302898380000.0	-1242207820000.0	-73534888100.0	-773.97549	-1843.1241	-1803.49725
899	4303002260000.0	-1242228790000.0	-73585854400.0	1471.32544	5253.63425	-142.70049300000002
901	1655525960000.0	-4735035760000.0	27805640000.0	5268.97151	773.7946949999999	-1431.23785
999	1655540210000.0	-4735026090000.0	27796291900.0	5245.39823	638.52345	-1607.05298
