0	10	Sun	1.3271244004193938E+11	695700.0
1	199	Mercury	2.2031780000000021E+04	2440.53
2	2000001	Ceres	6.3130000000000003E+01	487.3
3	2000004	Vesta	1.7289999999999999E+01	289.0
4	2000433	Eros	4.463E-4	17.0
5	2000511	Davida	2.2599999999999998E+00	180.0
6	20025143	Itokawa	2.1e-9	0.33
7	20101955	Bennu	4.8904e-9	0.48444
8	20162173	Ryugu	3.00e-8	0.896
9	299	Venus	3.2485859200000006E+05	6051.8
10	301	Moon	4.9028000661637961E+03	1737.4
11	399	Earth	3.9860043543609598E+05	6378.1366
12	401	Phobos	7.087546066894452E-04	13.0
13	402	Deimos	119.9192772100721	7.8
14	499	Mars	4.282837362069909E+04	3396.19
15	501	Io	5.959916033410404E+03	1829.4
16	502	Europa	3.202738774922892E+03	1562.6
17	503	Ganymede	9.887834453334144E+03	2631.2
18	504	Callisto	7.179289361397270E+03	2410.3
19	505	Amalthea	1.378480571202615E-01	125.0
20	506	Himalia	5.067461470071345	85.0
21	507	Elara	3.800596102553509	40.0
22	508	Pasiphae	11.40178830766053	18.0
23	509	Sinope	3.800596102553508	14.0
24	510	Lysithea	3.800596102553508	12.0
25	511	Carme	6.334326837589181	15.0
26	512	Ananke	2.533730735035672	10.0
27	513	Leda	2.533730735035672	5.0
28	514	Thebe	10.13492294014269	58.0
29	515	Adrastea	8.868057572624853	10.0
30	516	Metis	6.334326837589181	30.0
31	599	Jupiter	1.266865349218008E+08	71492.0
32	601	Mimas	2.465530579037799	207.8
33	602	Enceladus	7.211292085479989E+00	256.6
34	603	Tethys	4.121117207701302E+01	538.4
35	604	Dione	7.311635322923193E+01	563.4
36	605	Rhea	1.539422045545342E+02	765.0
37	606	Titan	8.978138845307376E+03	2575.15
38	607	Hyperion	1.896561983875230	180.1
39	608	Iapetus	1.205134781724041E+02	745.7
40	609	Phoebe	5.531110414633374E-01	109.4
41	610	Janus	1.266231296945636E-01	101.7
42	611	Epimetheus	3.513977490568457E-02	64.9
43	612	Helene	11.37937190325138	22.5
44	613	Telesto	3.793123967750460	16.3
45	614	Calypso	2.655186777425322	15.3
46	615	Atlas	11.37937190325138	20.5
47	616	Prometheus	1.066368426666134E-02	68.2
48	617	Pandora	22.75874380650276	52.2
49	618	Pan	28.44842975812845	17.2
50	699	Saturn	3.793120749865224E+07	60268.0
51	701	Ariel	8.346344431770477E+01	581.1
52	702	Umbriel	78.21817937304257	584.7
53	703	Titania	2.269437003741248E+02	788.9
54	704	Oberon	2.053234302535623E+02	761.4
55	705	Miranda	4.319516899232100E+00	240.4
56	706	Cordelia	11.58787842563594	13.0
57	707	Ophelia	17.38181763845391	15.0
58	708	Bianca	4.635151370254375	21.0
59	709	Cressida	17.38181763845391	31.0
60	710	Desdemona	11.58787842563594	27.0
61	711	Juliet	2.896969606408984	42.0
62	712	Portia	6.952727055381562	54.0
63	713	Rosalind	10.42909058307234	27.0
64	714	Belinda	17.38181763845391	33.0
65	715	Puck	3.476363527690781	77.0
66	799	Uranus	5.793951322279009E+06	25559.0
67	801	Triton	1.427598140725034E+03	1352.6
68	802	Nereid	2.050529761076207	170.0
69	803	Naiad	10.2526488053810	29.0
70	804	Thalassa	2.734039681434943	40.0
71	805	Despina	13.67019840717471	74.0
72	806	Galatea	20.50529761076207	79.0
73	807	Larissa	4.101059522152414	104.0
74	808	Proteus	4.101059522152414	218.0
75	899	Neptune	6.835099502439672E+06	24764.0
76	901	Charon	1.058799888601881E+02	605.0
77	999	Pluto	8.696138177608748E+02	1188.3
